150 0 0
110 0 0
80 6 0
50 20 0
30 36 0
10 60 0
0 100 0
0 140 0
10 180 0
30 204 0
50 220 0
80 234 0
110 240 0
150 240 0
150 220 0
110 220 0
80 210 0
60 200 0
46 184 0
34 170 0
24 134 0
24 106 0
34 70 0
46 56 0
60 40 0
80 30 0
110 20 0
150 20 0
150 0 20
110 0 20
80 6 20
50 20 20
30 36 20
10 60 20
0 100 20
0 140 20
10 180 20
30 204 20
50 220 20
80 234 20
110 240 20
150 240 20
150 220 20
110 220 20
80 210 20
60 200 20
46 184 20
34 170 20
24 134 20
24 106 20
34 70 20
46 56 20
60 40 20
80 30 20
110 20 20
150 20 20
160 20 20
